&INDATA
DELT = 0.900
NCURR =   1
MPOL =  10
NTOR =  0
NS_ARRAY    =    13      25      51     101     151     171     201
NITER_ARRAY =  1000    1000    1500    2000    2500    2500    3500
FTOL_ARRAY  = 1.E-7  1.E-10  1.E-12  1.E-15  1.E-17  1.E-17  1.E-18
NSTEP = 200
PHIEDGE = 10.0
AM = 1.0E+5 -1.0E+4 0.0E-6
AC = 1.0E-6
CURTOR = 1.0
gamma = 0.0
bcrit = 0.0

RAXIS = 2.0
ZAXIS = 00.0

RBC(0, 0) =  2.01  ZBS(0, 0) =  0.0
RBC(0, 1) =  0.1  ZBS(0, 1) =  0.1

!RBC(0, 0) =  9.999250000000E-001  ZBS(0, 0) =  0.000000000000E+000
!RBC(0, 1) =  9.999441673733E-003  ZBS(0, 1) =  9.999441673731E-003
/
