NFP = 3
RAXIS = 4.500000e-02
ZAXIS = 4.500000e-02
mu = 6.772888e-01 -3.209180e-02 -1.654234e-02 4.384841e-03 -1.770473e-03 7.085753e-04 -3.113334e-04 1.384709e-04 -1.083477e-04
delta = 1 4.393364e-01 -1.234433e-01 3.709643e-02 -1.305168e-02 4.830339e-03 -1.853464e-03 7.095320e-04 -2.263348e-04
B0 = 1