NFP = 3
RAXIS = 1.000000 0.045000
ZAXIS = 0.000000 -0.045000
mu = 0.676502 -0.031951 -0.015912 0.004359 -0.001595 0.000687 -0.000244 0.000129 -0.000033
delta = -3.000000 0.441521 -0.121392 0.037632 -0.012217 0.005270 -0.001390 0.001077 0.000033
iota = 0.418262
psi31 = 0
psi32 = 0
psi33 = 0
psi34 = 0