NFP = 3
PHIEDGE = 0.100000
RAXIS = 1.000000 0.045000
ZAXIS = 0.000000 -0.045000
mu = 0.677606 -0.032261 -0.016535 0.004401 -0.001774 0.000720 -0.000309 0.000145 -0.000104
delta = -3.000000 0.439450 -0.123574 0.037171 -0.013089 0.004850 -0.001862 0.000714 -0.000228
B0 = 3.000000
iota = 0.418248