NFP = 2
RAXIS = 1 0.09 0.00390896 0.000261123
ZAXIS = 0  0.0805985 0.00390426 0.000289108
mu = 0.56438 0.298159 -0.098659 0.0436956 -0.0243327 0.014649 -0.00949387 0.00654038
delta = -2 -2.70625 -0.74136 -0.810404 -0.404564 -0.46916 -0.280256 -0.327636
iota = -0.134158
etabar = 0.724492
psi31 = 1.31932 -0.108756 -0.251607 0.0632435 -0.0667719 0.0230246 -0.00624189
psi32 = 0 -0.958447 0.197604 -0.126056 0.0651788 -0.0188948 0.00393448 -0.00162677
psi33 = -0.359455 1.18408 -0.633307 0.360653 -0.226511 0.0914455 -0.0316796 0.0109267
psi34 = 0 -1.57133 0.595583 -0.412035 0.23543 -0.0927275 0.0311785 -0.0117239
nNormal = 0