NFP = 3
RAXIS = 1 0.04 0.0007693 0.000055746
ZAXIS = 0  -0.04 -0.000763354 -0.0000534414
mu = 0.626207 0.249008 -0.0901241 0.0384883 -0.0176144 0.00838557 -0.00420541 0.00214178 -0.00113025
delta = -3 0.638121 -0.19105 0.0811859 -0.0410257 0.0221946 -0.0130801 0.00750503 -0.00466643
iota = 0.290577
etabar = 0.740728
psi31 = 3.38009 -0.160282 -0.510387 0.251548 -0.0955576 0.0276337 -0.00919893 0.00288415 -0.00127279
psi32 = 0 2.12251 -0.638602 0.300277 -0.115986 0.0431906 -0.0111135 0.00643486 0.000269386
psi33 = -0.263054 3.05661 -1.66058 0.951023 -0.422842 0.161506 -0.0601761 0.0227119 -0.00822431
psi34 = 0 3.79749 -1.71043 0.942884 -0.413772 0.166276 -0.0578431 0.0259 -0.00599803