NFP = 5
RAXIS = 1 0.348429 -0.0321651 0.00485996
ZAXIS = 0  -0.35 0.0330287 -0.005
mu = 0.613347 -0.177009 -0.120384 0.00927776 -0.00396955 0.0059166 -0.0000355705 0.000707181 -0.000165306
delta = 0 0.277238 0.0740883 0.0470067 -0.00129909 0.00187972 -0.00188145 0.000410529 0.00013777
iota = 3.4611
etabar = 1.67884
psi31 = 4.42008 -0.0575531 1.18398 0.595632 0.171656 -0.0351235 -0.0154788 -0.00619948 0.00161079
psi32 = 0 -0.134752 0.146227 0.718615 0.144559 -0.0465633 -0.0336039 -0.00130575 0.00626171
psi33 = 1.72259 -0.306839 1.41655 1.00738 0.0745742 -0.130959 -0.0389522 0.000888349 0.00637433
psi34 = 0 0.289609 0.968075 1.04164 0.0982137 -0.0907744 -0.0475849 0.00321618 0.0107417
nNormal = 5