NFP = 2
RAXIS = 1 0.100555 0.00512315 0.000298938 0
ZAXIS = 0  0.100972 0.00587665 0.000344878 -0.0000119423
mu = 0.610123 0.282759 -0.110341 0.043545 -0.0226216 0.0129317 -0.00784273 0.00496934
delta = 2 -0.67746 0.229477 -0.113032 0.0678003 -0.0441274 0.0306418 -0.0219017
iota = -0.181452
etabar = 0.712883
psi31 = 1.39573 -0.163676 -0.382711 -0.031239 -0.0461289 0.0395405 -0.0124697
psi32 = 0 -1.03821 0.254671 -0.0773459 0.0962107 -0.0402101 0.00879392 -0.00263464
psi33 = -0.27417 1.27893 -0.847525 0.285382 -0.261295 0.13939 -0.0544876 0.0195705
psi34 = 0 -1.70709 0.643842 -0.314636 0.292868 -0.147023 0.0540711 -0.020187
nNormal = 0