NFP = 3
RAXIS = 1.000000 0.045000
ZAXIS = 0.000000 -0.045000
mu = 160753382210.007874 -227423174566.825653 51487659794.216927 45388149617.478683 -43824736585.989388 16124420720.822704 -2580787503.845466 55520594.764230 19565718.508309
delta = -3.000000 2.818486 4.220465 1.987200 0.042111 -4.601252 -2.895116 -3.760598 -0.625930
iota = 0.199640