NFP = 4
RAXIS = 1 0.360407 -0.0669714 0.00460894 -0.000223451
ZAXIS = 0  0.399998 -0.0693047 0.00480132 -0.000227014
mu = -0.756601 0.0534242 0.202469 -0.0230149 0.0566927 -0.0176126 0.0167479 -0.00749566
delta = 4 0.615264 0.280081 0.0194811 0.0675313 -0.00867951 0.0213522 -0.00596067
iota = -3.36764
etabar = 1.51013
psi31 = 2.17246 1.1087 -0.0237652 -1.27667 0.190929 -0.245389 -0.0227484
psi32 = 0 1.32114 2.20195 -0.477506 0.314842 0.271426 -0.0164332 0.0504306
psi33 = 0.82973 -2.19271 -0.655938 0.220243 -0.0429293 -0.31114 -0.00298502 -0.010877
psi34 = 0 1.80329 1.35263 -0.925577 0.389643 0.185024 -0.0168631 0.0366971
nNormal = -4