NFP = 2
RAXIS = 1 0.0900629 0.00375688
ZAXIS = 0  0.105541 0.00423897
mu = 0.589303 0.224935 -0.114689 0.0429623 -0.0197764 0.00991043 -0.00553421 0.00327975
delta = 2 -0.616448 0.197172 -0.0855402 0.04825 -0.0296536 0.0194893 -0.0129527
iota = -0.180321
etabar = 0.763008
psi31 = 1.43552 -0.192106 -0.635638 0.0770922 0.0378016 -0.015552 0.00359297
psi32 = 0 -0.8973 0.403313 -0.0523561 -0.0244429 0.00514925 0.000141551 -0.00067654
psi33 = -0.173698 0.98738 -1.02653 0.0608091 0.0703492 -0.0351779 0.0121871 -0.00414111
psi34 = 0 -1.70387 0.856759 -0.0392949 -0.0809 0.0373119 -0.0129706 0.0039109
nNormal = 0