NFP = 4
RAXIS = 1.000000 0.265000
ZAXIS = 0.000000 -0.210000
mu = 0.575028 -0.128162 -0.252903 0.002084 -0.044508 -0.008593 -0.005898 -0.008297 -0.000756
delta = 0.000000 0.830366 0.062012 0.169084 0.038485 0.050457 0.030679 0.020048 0.018500
iota = 1.931080