NFP = 3
RAXIS = 1.000000 0.045000
ZAXIS = 0.000000 -0.045000
mu = 0.676106 -0.031736 -0.015732 0.004324 -0.001543 0.000664 -0.000227 0.000117 -0.000020
delta = -3.000000 0.441985 -0.120785 0.037709 -0.011987 0.005360 -0.001276 0.001159 0.000091
iota = 0.418089
psi31 = 0
psi32 = 0
psi33 = 0
psi34 = 0